.Random.seed <-
c(403L, 11L, 683898947L, -1653367839L, -1285176496L, 2108093870L, 
1637718873L, 808112491L, -2100029222L, -1521954404L, 365608351L, 
543453173L, 1702469260L, -493094046L, -1741221059L, -1294212169L, 
1674864734L, -1717205608L, -1956630277L, 1551314073L, -2113540824L, 
-1401349162L, -1328029615L, 399971075L, -1788337518L, -1233252316L, 
-200376601L, -622374083L, -606688332L, -2139006950L, -723113115L, 
-1353124353L, 997144710L, 196338704L, -680012109L, 1329841489L, 
1630117120L, -508057634L, 2119590953L, -1791851557L, -394815254L, 
964310668L, 561867215L, -1025909371L, -2057877956L, 587074322L, 
-823777267L, 1433115463L, 782324014L, 459921544L, -1400799861L, 
1103201641L, -2007374024L, -670799386L, 94555521L, -978460397L, 
1718124226L, 1044937076L, -1132306057L, 196031085L, 1892334852L, 
1877350442L, 1101591957L, 2022562351L, -1033853130L, 1928632160L, 
-85656157L, 775665345L, 1518259888L, -2097894962L, 1823456569L, 
196948299L, -2048371974L, 684868604L, 1838130239L, -1687364331L, 
1275053612L, 1671129858L, 1913829341L, -638967081L, -550060610L, 
-856131592L, 1356985307L, -1617703367L, 15832968L, -1922865354L, 
-632203919L, -1615196253L, -104089870L, 1079803460L, -894230265L, 
-1592502051L, 1995935188L, -983793414L, 921442373L, -693444449L, 
502139430L, 1045216944L, -1246256301L, -379629967L, 1539175328L, 
-1512156354L, 407124553L, 540724987L, 2052509386L, -1561653204L, 
-1394939857L, -746891035L, -416763492L, 1073306610L, 471787117L, 
1460597671L, 1181429198L, 968190760L, 1421746475L, 20372297L, 
733683800L, 89920774L, -212025119L, -831768461L, -1074817822L, 
1722344532L, -1881159337L, -2082526899L, -700723996L, 2082402506L, 
-1926537931L, -1189776497L, -1177687914L, -1773307840L, -467951357L, 
-797307615L, 584687120L, -1591808530L, -1075191399L, 308162091L, 
1239349018L, -806466084L, -998394913L, 2031399861L, 949472588L, 
-107107422L, -30539011L, 1529994231L, -307133154L, 585689048L, 
-1460012741L, 58150617L, 238969448L, 380027798L, -1728583919L, 
-1397964605L, 1095917778L, 1570162020L, -1011222361L, -25244163L, 
-953421836L, -1341450022L, 241195557L, 1539979071L, 847574214L, 
2069473616L, -2023843469L, 1112384401L, -561564224L, -2106724450L, 
-719793815L, 583049627L, 886740138L, 1031148236L, -93955185L, 
-2075123771L, -1499479172L, -137479214L, -1343882419L, 866208263L, 
-644703762L, -1327565624L, 672488395L, -24932823L, 1790788728L, 
-1488649818L, -57809983L, -1353641901L, -984344830L, 900162100L, 
-1381705801L, 1687914413L, 1524806852L, 1369094378L, 1307074389L, 
1098985711L, -495651082L, -1050746336L, 616654819L, 1081871489L, 
229788400L, -755990130L, -1903366407L, 46537867L, 425755834L, 
1315971004L, -1526801153L, -790646699L, -762027156L, 1372445634L, 
230886429L, 1378020503L, -833828354L, -468514376L, 894109083L, 
1585785849L, 1920349000L, -186278282L, 2005604273L, -2116359709L, 
1884995250L, 112653060L, -1515098041L, -1754261731L, -1986925164L, 
58462522L, 1751248261L, -1625627041L, -422719258L, -2119134352L, 
1406940307L, 1124970801L, -1953884192L, -1755013168L, -1537748702L, 
250853032L, 367564684L, -1686674244L, 2035497778L, 1782351424L, 
-462633804L, -656542648L, 371996090L, -1029408240L, -1731945236L, 
1057587540L, -1056410862L, -1246433888L, -1880933684L, 2145057376L, 
1041420226L, 1081144104L, -132318804L, 1297079612L, 997268338L, 
1001647408L, -2027034844L, 398525752L, -1733671206L, 358637456L, 
-1319576836L, 878123924L, -1973128126L, -2019494656L, 1422231612L, 
1862384976L, 1371006114L, -385176760L, -1645191412L, -1052229924L, 
-1051021486L, 1061729920L, 758446164L, -369015832L, -1930499334L, 
1004016976L, 1357578028L, 1216488308L, 2116789138L, -376655264L, 
1205475212L, 420099936L, 307823586L, 668113832L, -1119990580L, 
-197748228L, -464767054L, -1895774736L, 389703108L, 1024407896L, 
313462138L, -1363165776L, 2111906748L, -775483308L, 1690169282L, 
1613570080L, 1090056380L, 2130516560L, 289875938L, -1204519320L, 
-820687284L, -879824644L, 1831450610L, 710976768L, 1202266996L, 
-558096376L, -1821544006L, -113484336L, 1839117292L, -189084780L, 
-1822958638L, 2129962848L, -501890740L, -1799409376L, -1950740606L, 
-537360664L, -886581012L, 33314364L, -1545882766L, 1835587184L, 
2094294052L, 789081912L, -1612621670L, -192614704L, -1701131076L, 
-535557484L, -883826046L, -2015391552L, 1483310396L, 1205721232L, 
-1529424350L, -1366593016L, -1575584500L, -761593188L, 2108700178L, 
-863479424L, -1258366444L, 1631428136L, -1534533318L, 375073744L, 
698830444L, -1021836492L, 2119574162L, -1332239008L, 1012211020L, 
-594316320L, 148066210L, -1730101336L, 141404044L, 590514876L, 
-220363918L, 1026943216L, 799609924L, 689534296L, -1733791686L, 
1755829104L, 308036668L, 934447892L, -1111648830L, 1442450656L, 
-102654084L, 561784528L, -241354078L, -1599261656L, -1950867188L, 
1245371324L, 243903794L, -578615360L, -832289228L, 393958344L, 
1632496826L, -1980981360L, -1865154068L, 282584148L, 2133662354L, 
377801504L, 1922099660L, 1730085856L, 66014914L, -421353944L, 
1930051244L, 1885597372L, -2047798798L, -1398025936L, 1054693540L, 
585194168L, -2052225190L, 864492944L, -1767674500L, -1343403756L, 
730846530L, -41946368L, 64406460L, 543470416L, 959237410L, 1775778120L, 
-817615860L, 1625449564L, 1824949458L, -1647594496L, 473053012L, 
477903336L, -852589574L, 453386960L, -851792596L, 1315472628L, 
1840546706L, 2094650464L, -1015117556L, -894024992L, -728855198L, 
-346782040L, -165175732L, 1804051324L, -1583288526L, 494848624L, 
544620868L, 236615640L, 2010076282L, -1637053904L, 431568572L, 
-1242974380L, 1197262402L, 9312160L, -1578752836L, -513728048L, 
2126000482L, -325586968L, -921857076L, 1112712956L, 577029106L, 
-950588288L, 1421871348L, 445587592L, -2123316934L, 137603920L, 
71762028L, -1110672236L, 1382876498L, 1877363424L, -296301364L, 
-434522976L, 9811330L, -492264216L, -753203988L, -1579796420L, 
-31413134L, -1613685648L, 1716023844L, 633718328L, -331881958L, 
1166986448L, 1688464956L, -1137583980L, -1419262846L, 2048017344L, 
-1079744196L, -887435632L, 903222306L, 1759150088L, -827840734L, 
974717495L, 1154090753L, -2097021434L, -766606268L, -1796852363L, 
923490527L, 667823160L, -2115662826L, -2020103133L, -76325915L, 
507022850L, 1515873392L, 334860825L, -270910453L, 199565052L, 
1760958250L, -1555383969L, 359813353L, 2017110014L, 1987079148L, 
-949723331L, 155927303L, 1041636080L, 650691214L, 168680635L, 
1045379229L, 1282294858L, 684138088L, 1727156817L, -741125821L, 
-1443248060L, 1883572978L, -163376441L, -279170927L, 300236310L, 
-16401292L, 1309554437L, 1093358927L, -664688824L, -702009626L, 
555896851L, 74409845L, -1053489326L, 53804960L, -530937207L, 
-343986501L, -2043405044L, 999530650L, -756951537L, 1262846553L, 
527761134L, -1523163780L, 1364418029L, -793625961L, -1232661152L, 
1506005310L, -2081490421L, -843088243L, -1339366470L, -271386120L, 
-2086632031L, 242555731L, -1964035468L, 1709970434L, -788842857L, 
-290332575L, 638778534L, -891810652L, -1913549483L, 119481855L, 
-1224233832L, -734684746L, 571712067L, -171931771L, -1552931806L, 
-1897896176L, 196981433L, 1604298603L, 178775644L, -145773686L, 
142787455L, -189059383L, 787949406L, 1163000844L, 1077328861L, 
564805351L, -1549385968L, 1969032750L, 193672411L, -1384523331L, 
1620088618L, -91836472L, 1298744561L, -963970461L, -1827496348L, 
1442866578L, 1945440871L, -1395013071L, 1020241782L, -1655092076L, 
-298949979L, -2074153041L, 1554590824L, 129548358L, 1082549747L, 
887648597L, -820853966L, -1489807616L, -646741015L, -717791653L, 
-323256148L, -699496774L, -11078545L, -1552616967L, -580336498L, 
1300295004L, 936820173L, 373391671L, -1442878528L, 399918238L, 
43460971L, 2090275053L, -473142950L, 675328536L, 2119987073L, 
634207539L, 996455252L, 2133517666L, 1602827767L, -135995839L, 
53582534L, 381791236L, -441832523L, -919173985L, 1191833848L, 
1597180118L, -773185181L, -1911919323L, 1227111106L, 1656960944L, 
-613291047L, 1944405323L, -1705172036L, 2048044010L, -949621729L, 
